0.025974025974026
0.61038961038961
0.194805194805195
0.779220779220779
0.363636363636364
0.948051948051948
0.532467532467532
0.116883116883117
0.701298701298701
0.285714285714286
0.87012987012987
0.454545454545455
0.038961038961039
0.623376623376623
0.207792207792208
0.792207792207792
0.376623376623377
0.961038961038961
0.545454545454545
0.12987012987013
0.714285714285714
0.298701298701299
0.883116883116883
0.467532467532468
0.051948051948052
0.636363636363636
0.220779220779221
0.805194805194805
0.38961038961039
0.974025974025974
0.558441558441558
0.142857142857143
0.727272727272727
0.311688311688312
0.896103896103896
0.480519480519481
0.0649350649350649
0.649350649350649
0.233766233766234
0.818181818181818
0.402597402597403
0.987012987012987
0.571428571428571
0.155844155844156
0.74025974025974
0.324675324675325
0.909090909090909
0.493506493506494
0.0779220779220779
0.662337662337662
0.246753246753247
0.831168831168831
0.415584415584416
0
0.584415584415584
0.168831168831169
0.753246753246753
0.337662337662338
0.922077922077922
0.506493506493506
0.0909090909090909
0.675324675324675
0.25974025974026
0.844155844155844
0.428571428571429
0.012987012987013
0.597402597402597
0.181818181818182
0.766233766233766
0.350649350649351
0.935064935064935
0.519480519480519
0.103896103896104
0.688311688311688
0.272727272727273
0.857142857142857
0.441558441558442
0.025974025974026
0.61038961038961
0.194805194805195
0.779220779220779
0.363636363636364
0.948051948051948
0.532467532467532
0.116883116883117
0.701298701298701
0.285714285714286
0.87012987012987
0.454545454545455
0.038961038961039
0.623376623376623
0.207792207792208
0.792207792207792
0.376623376623377
0.961038961038961
0.545454545454545
0.12987012987013
0.714285714285714
0.298701298701299
0.883116883116883|   10
25
15
30
20
45
25
15
30
20
40
20
10
25
15
35
20
45
25
15
30
20
40
20
10
25
15
35
20
50
25
15
30
20
40
20
10
25
15
35
20
50
25
15
30
20
40
20
10
25
15
35
20
10
25
15
30
20
45
25
10
25
15
35
20
10
25
15
30
20
45
25
15
30
15
35
20
10
25
15
30
20
45
25
15
30
20
40
20
10
25
15
35
20
45
25
15
30
20
40|   10
20
15
15
25
50
50
30
45
45
60
40
35
40
25
50
50
70
60
60
70
65
65
70
60
55
60
75
70
85
95
90
95
75
100
100
80
95
90
100
85
120
125
115
105
110
130
120
120
125
115
115
120
110
110
85
100
100
115
130
120
120
100
120
120
105
90
90
100
90
125
130
120
115
115
130
125
95
105
100
100
110
135
135
115
130
130
145
125
120
125
110
135
135
155
145
145
155
150
150|   0.191919191919192
0.464646464646465
0.737373737373737
0.0101010101010101
0.282828282828283
0.555555555555556
0.828282828282828
0.101010101010101
0.373737373737374
0.646464646464647
0.919191919191919
0.191919191919192
0.464646464646465
0.737373737373737
0.0101010101010101
0.282828282828283
0.555555555555556
0.828282828282828
0.101010101010101
0.373737373737374
0.646464646464647
0.919191919191919
0.191919191919192
0.464646464646465
0.737373737373737
0.0101010101010101
0.282828282828283
0.555555555555556
0.828282828282828
0.101010101010101
0.373737373737374
0.646464646464647
0.919191919191919
0.191919191919192
0.464646464646465
0.737373737373737
0.0101010101010101
0.282828282828283
0.555555555555556
0.828282828282828
0.101010101010101
0.373737373737374
0.646464646464647
0.919191919191919
0.191919191919192
0.464646464646465
0.737373737373737
0.0101010101010101
0.282828282828283
0.555555555555556
0.828282828282828
0.101010101010101
0.373737373737374
0.646464646464647
0.919191919191919
0.191919191919192
0.464646464646465
0.737373737373737
0.0101010101010101
0.282828282828283
0.555555555555556
0.828282828282828
0.101010101010101
0.373737373737374
0.646464646464647
0.919191919191919
0.191919191919192
0.464646464646465
0.737373737373737
0.0101010101010101
0.282828282828283
0.555555555555556
0.828282828282828
0.101010101010101
0.373737373737374
0.646464646464647
0.919191919191919
0.191919191919192
0.464646464646465
0.737373737373737
0.0101010101010101
0.282828282828283
0.555555555555556
0.828282828282828
0.101010101010101
0.373737373737374
0.646464646464647
0.919191919191919
0.191919191919192
0.464646464646465
0.737373737373737
0.0101010101010101
0.282828282828283
0.555555555555556
0.828282828282828
0.101010101010101
0.373737373737374
0.646464646464647
0.919191919191919
0.191919191919192|   15
20
30
10
20
25
35
15
20
25
40
15
20
30
10
20
25
35
15
20
25
40
15
20
30
10
20
25
35
15
20
25
40
15
20
30
10
20
25
35
15
20
25
40
15
20
30
10
20
25
35
15
20
25
40
15
20
30
10
20
25
35
15
20
25
40
15
20
30
10
20
25
35
15
20
25
40
15
20
30
10
20
25
35
15
20
25
40
15
20
30
10
20
25
35
15
20
25
40
15|   0
0
0
0
0
0
0
0
0
0
0
0
0
0
0
0
0
0
0
0
0
0
0
0
0
0
0
0
0
0
0
0
0
0
0
0
0
0
0
0
0
0
0
0
0
0
0
0
0
0
0
0
0
0
0
0
0
0
0
0
0
0
0
0
0
0
0
0
0
0
0
0
0
0
0
0
0
0
0
0
0
0
0
0
0
0
0
0
0
0
0
0
0
0
0
0
0
0
0
0